{
  "2gram": {
    "n": 2,
    "similarity_matrix": [
      [
        0.9999999999999963,
        0.9874938842564208,
        0.976700485334228,
        0.836970808966669,
        0.8953655893591609,
        0.9787928845894923,
        0.9786065835590086,
        0.9716845425816616,
        0.9604181222823023,
        0.9658333544527216,
        0.9641005953990073,
        0.9765259532304289,
        0.9497752096528748,
        0.9722173387953598,
        0.9347163592540977
      ],
      [
        0.9874938842564208,
        1.0000000000000024,
        0.9822048032699987,
        0.8712199400968613,
        0.9345786862149195,
        0.9878812917647324,
        0.9844779071074693,
        0.9665322709335396,
        0.9492203096745934,
        0.9704193006742214,
        0.9722379539862454,
        0.9667134063316518,
        0.9706104661186686,
        0.9813069415868017,
        0.9572396989597274
      ],
      [
        0.976700485334228,
        0.9822048032699987,
        1.0000000000000073,
        0.8551859958254494,
        0.9071524155712851,
        0.9720371185816673,
        0.9687819385933268,
        0.9500825493334644,
        0.9312749031704646,
        0.9584676574371621,
        0.959326079964989,
        0.9597924175412755,
        0.9483940445002574,
        0.9631769451039496,
        0.9322544993492049
      ],
      [
        0.836970808966669,
        0.8712199400968613,
        0.8551859958254494,
        0.9999999999999998,
        0.9301118861881529,
        0.8923167593141359,
        0.8984037020870201,
        0.8873071455594641,
        0.8307124372237371,
        0.9220642371342154,
        0.896083998644641,
        0.8796996652935793,
        0.93115230529764,
        0.8281041176304019,
        0.8624460946041884
      ],
      [
        0.8953655893591609,
        0.9345786862149195,
        0.9071524155712851,
        0.9301118861881529,
        0.9999999999999978,
        0.9503858875591666,
        0.9469367161633054,
        0.9227591776816865,
        0.87746078202336,
        0.9471642502287212,
        0.951192716709056,
        0.9052910518317637,
        0.9733591679235414,
        0.9077249015929344,
        0.9551538703516338
      ],
      [
        0.9787928845894923,
        0.9878812917647324,
        0.9720371185816673,
        0.8923167593141359,
        0.9503858875591666,
        0.999999999999997,
        0.9920743057556477,
        0.9767658917693618,
        0.950257304974681,
        0.981179106977902,
        0.9858730905858172,
        0.9735090210100402,
        0.9809893691055581,
        0.9703866922191321,
        0.9649234577418617
      ],
      [
        0.9786065835590086,
        0.9844779071074693,
        0.9687819385933268,
        0.8984037020870201,
        0.9469367161633054,
        0.9920743057556477,
        0.9999999999999966,
        0.9888300359239826,
        0.961969993173708,
        0.9881081528653242,
        0.9849218604299755,
        0.9855994226463108,
        0.9847399317692354,
        0.9677280281686024,
        0.9607201351268636
      ],
      [
        0.9716845425816616,
        0.9665322709335396,
        0.9500825493334644,
        0.8873071455594641,
        0.9227591776816865,
        0.9767658917693618,
        0.9888300359239826,
        0.9999999999999984,
        0.959847473613474,
        0.9868994913747158,
        0.9734906255182594,
        0.9923837410030109,
        0.9710294573458769,
        0.9459527739239393,
        0.9365287944923878
      ],
      [
        0.9604181222823023,
        0.9492203096745934,
        0.9312749031704646,
        0.8307124372237371,
        0.87746078202336,
        0.950257304974681,
        0.961969993173708,
        0.959847473613474,
        1.0000000000000062,
        0.9498160703666539,
        0.9407100389910298,
        0.9647000713099119,
        0.9348301098917544,
        0.9645757405401303,
        0.9289720175830994
      ],
      [
        0.9658333544527216,
        0.9704193006742214,
        0.9584676574371621,
        0.9220642371342154,
        0.9471642502287212,
        0.981179106977902,
        0.9881081528653242,
        0.9868994913747158,
        0.9498160703666539,
        0.9999999999999979,
        0.9811929700703925,
        0.9831130545102326,
        0.982089744348074,
        0.947538561628262,
        0.9511504354325372
      ],
      [
        0.9641005953990073,
        0.9722379539862454,
        0.959326079964989,
        0.896083998644641,
        0.951192716709056,
        0.9858730905858172,
        0.9849218604299755,
        0.9734906255182594,
        0.9407100389910298,
        0.9811929700703925,
        1.0000000000000009,
        0.9703292531429634,
        0.9800794802348023,
        0.9518823100178864,
        0.9656976449102652
      ],
      [
        0.9765259532304289,
        0.9667134063316518,
        0.9597924175412755,
        0.8796996652935793,
        0.9052910518317637,
        0.9735090210100402,
        0.9855994226463108,
        0.9923837410030109,
        0.9647000713099119,
        0.9831130545102326,
        0.9703292531429634,
        0.9999999999999972,
        0.9650133114325842,
        0.9475006000765738,
        0.9287892480259121
      ],
      [
        0.9497752096528748,
        0.9706104661186686,
        0.9483940445002574,
        0.93115230529764,
        0.9733591679235414,
        0.9809893691055581,
        0.9847399317692354,
        0.9710294573458769,
        0.9348301098917544,
        0.982089744348074,
        0.9800794802348023,
        0.9650133114325842,
        0.9999999999999942,
        0.9496959040740579,
        0.967770540084269
      ],
      [
        0.9722173387953598,
        0.9813069415868017,
        0.9631769451039496,
        0.8281041176304019,
        0.9077249015929344,
        0.9703866922191321,
        0.9677280281686024,
        0.9459527739239393,
        0.9645757405401303,
        0.947538561628262,
        0.9518823100178864,
        0.9475006000765738,
        0.9496959040740579,
        0.9999999999999876,
        0.9574948328873623
      ],
      [
        0.9347163592540977,
        0.9572396989597274,
        0.9322544993492049,
        0.8624460946041884,
        0.9551538703516338,
        0.9649234577418617,
        0.9607201351268636,
        0.9365287944923878,
        0.9289720175830994,
        0.9511504354325372,
        0.9656976449102652,
        0.9287892480259121,
        0.967770540084269,
        0.9574948328873623,
        0.9999999999999989
      ]
    ],
    "distance_matrix": [
      [
        3.6637359812630166e-15,
        0.012506115743579183,
        0.02329951466577196,
        0.16302919103333102,
        0.10463441064083912,
        0.021207115410507682,
        0.021393416440991353,
        0.028315457418338408,
        0.03958187771769772,
        0.03416664554727844,
        0.035899404600992724,
        0.0234740467695711,
        0.05022479034712524,
        0.027782661204640235,
        0.06528364074590232
      ],
      [
        0.012506115743579183,
        -2.4424906541753444e-15,
        0.017795196730001295,
        0.12878005990313868,
        0.06542131378508054,
        0.012118708235267617,
        0.015522092892530703,
        0.03346772906646045,
        0.050779690325406635,
        0.02958069932577856,
        0.02776204601375465,
        0.033286593668348186,
        0.029389533881331364,
        0.01869305841319835,
        0.04276030104027262
      ],
      [
        0.02329951466577196,
        0.017795196730001295,
        -7.327471962526033e-15,
        0.1448140041745506,
        0.09284758442871488,
        0.027962881418332697,
        0.03121806140667316,
        0.049917450666535634,
        0.06872509682953543,
        0.04153234256283789,
        0.040673920035011024,
        0.04020758245872447,
        0.05160595549974256,
        0.03682305489605042,
        0.0677455006507951
      ],
      [
        0.16302919103333102,
        0.12878005990313868,
        0.1448140041745506,
        2.220446049250313e-16,
        0.06988811381184712,
        0.1076832406858641,
        0.10159629791297986,
        0.1126928544405359,
        0.1692875627762629,
        0.07793576286578463,
        0.10391600135535894,
        0.12030033470642065,
        0.06884769470235996,
        0.17189588236959807,
        0.13755390539581158
      ],
      [
        0.10463441064083912,
        0.06542131378508054,
        0.09284758442871488,
        0.06988811381184712,
        2.220446049250313e-15,
        0.04961411244083336,
        0.053063283836694564,
        0.07724082231831353,
        0.12253921797664002,
        0.052835749771278806,
        0.04880728329094397,
        0.09470894816823627,
        0.02664083207645862,
        0.0922750984070656,
        0.044846129648366206
      ],
      [
        0.021207115410507682,
        0.012118708235267617,
        0.027962881418332697,
        0.1076832406858641,
        0.04961411244083336,
        2.9976021664879227e-15,
        0.0079256942443523,
        0.023234108230638206,
        0.04974269502531903,
        0.018820893022097995,
        0.01412690941418282,
        0.02649097898995978,
        0.019010630894441882,
        0.029613307780867903,
        0.03507654225813828
      ],
      [
        0.021393416440991353,
        0.015522092892530703,
        0.03121806140667316,
        0.10159629791297986,
        0.053063283836694564,
        0.0079256942443523,
        3.4416913763379853e-15,
        0.011169964076017447,
        0.038030006826291984,
        0.011891847134675837,
        0.015078139570024462,
        0.014400577353689159,
        0.015260068230764645,
        0.03227197183139763,
        0.039279864873136394
      ],
      [
        0.028315457418338408,
        0.03346772906646045,
        0.049917450666535634,
        0.1126928544405359,
        0.07724082231831353,
        0.023234108230638206,
        0.011169964076017447,
        1.5543122344752192e-15,
        0.040152526386526,
        0.013100508625284224,
        0.026509374481740622,
        0.007616258996989145,
        0.028970542654123133,
        0.05404722607606072,
        0.0634712055076122
      ],
      [
        0.03958187771769772,
        0.050779690325406635,
        0.06872509682953543,
        0.1692875627762629,
        0.12253921797664002,
        0.04974269502531903,
        0.038030006826291984,
        0.040152526386526,
        -6.217248937900877e-15,
        0.05018392963334606,
        0.059289961008970216,
        0.035299928690088134,
        0.06516989010824559,
        0.03542425945986971,
        0.07102798241690056
      ],
      [
        0.03416664554727844,
        0.02958069932577856,
        0.04153234256283789,
        0.07793576286578463,
        0.052835749771278806,
        0.018820893022097995,
        0.011891847134675837,
        0.013100508625284224,
        0.05018392963334606,
        2.1094237467877974e-15,
        0.018807029929607477,
        0.016886945489767435,
        0.017910255651926055,
        0.052461438371738,
        0.04884956456746281
      ],
      [
        0.035899404600992724,
        0.02776204601375465,
        0.040673920035011024,
        0.10391600135535894,
        0.04880728329094397,
        0.01412690941418282,
        0.015078139570024462,
        0.026509374481740622,
        0.059289961008970216,
        0.018807029929607477,
        -8.881784197001252e-16,
        0.029670746857036634,
        0.01992051976519771,
        0.04811768998211363,
        0.03430235508973478
      ],
      [
        0.0234740467695711,
        0.033286593668348186,
        0.04020758245872447,
        0.12030033470642065,
        0.09470894816823627,
        0.02649097898995978,
        0.014400577353689159,
        0.007616258996989145,
        0.035299928690088134,
        0.016886945489767435,
        0.029670746857036634,
        2.7755575615628914e-15,
        0.034986688567415825,
        0.052499399923426227,
        0.07121075197408788
      ],
      [
        0.05022479034712524,
        0.029389533881331364,
        0.05160595549974256,
        0.06884769470235996,
        0.02664083207645862,
        0.019010630894441882,
        0.015260068230764645,
        0.028970542654123133,
        0.06516989010824559,
        0.017910255651926055,
        0.01992051976519771,
        0.034986688567415825,
        5.773159728050814e-15,
        0.050304095925942094,
        0.03222945991573101
      ],
      [
        0.027782661204640235,
        0.01869305841319835,
        0.03682305489605042,
        0.17189588236959807,
        0.0922750984070656,
        0.029613307780867903,
        0.03227197183139763,
        0.05404722607606072,
        0.03542425945986971,
        0.052461438371738,
        0.04811768998211363,
        0.052499399923426227,
        0.050304095925942094,
        1.2434497875801753e-14,
        0.04250516711263774
      ],
      [
        0.06528364074590232,
        0.04276030104027262,
        0.0677455006507951,
        0.13755390539581158,
        0.044846129648366206,
        0.03507654225813828,
        0.039279864873136394,
        0.0634712055076122,
        0.07102798241690056,
        0.04884956456746281,
        0.03430235508973478,
        0.07121075197408788,
        0.03222945991573101,
        0.04250516711263774,
        1.1102230246251565e-15
      ]
    ],
    "binary_names": [
      "grep",
      "sed",
      "gzip",
      "bzip2",
      "xz",
      "find",
      "tar",
      "bash",
      "python3",
      "curl",
      "git",
      "vim",
      "nano",
      "gcc",
      "objdump"
    ],
    "feature_count": 5757,
    "statistics": {
      "mean_similarity": 0.9530955753024188,
      "std_similarity": 0.03740063931793699,
      "mean_distance": 0.0502547407474083,
      "std_distance": 0.03647400994227953,
      "min_distance": 0.007616258996989145,
      "max_distance": 0.17189588236959807
    },
    "most_similar_pairs": [
      {
        "binary1": "bash",
        "binary2": "vim",
        "similarity": 0.9923837410030109,
        "distance": 0.007616258996989145
      },
      {
        "binary1": "find",
        "binary2": "tar",
        "similarity": 0.9920743057556477,
        "distance": 0.0079256942443523
      },
      {
        "binary1": "tar",
        "binary2": "bash",
        "similarity": 0.9888300359239826,
        "distance": 0.011169964076017447
      },
      {
        "binary1": "tar",
        "binary2": "curl",
        "similarity": 0.9881081528653242,
        "distance": 0.011891847134675837
      },
      {
        "binary1": "sed",
        "binary2": "find",
        "similarity": 0.9878812917647324,
        "distance": 0.012118708235267617
      }
    ],
    "most_different_pairs": [
      {
        "binary1": "bzip2",
        "binary2": "gcc",
        "similarity": 0.8281041176304019,
        "distance": 0.17189588236959807
      },
      {
        "binary1": "bzip2",
        "binary2": "python3",
        "similarity": 0.8307124372237371,
        "distance": 0.1692875627762629
      },
      {
        "binary1": "grep",
        "binary2": "bzip2",
        "similarity": 0.836970808966669,
        "distance": 0.16302919103333102
      },
      {
        "binary1": "gzip",
        "binary2": "bzip2",
        "similarity": 0.8551859958254494,
        "distance": 0.1448140041745506
      },
      {
        "binary1": "bzip2",
        "binary2": "objdump",
        "similarity": 0.8624460946041884,
        "distance": 0.13755390539581158
      }
    ],
    "top_features_per_binary": {
      "grep": [
        {
          "ngram": "mov_mov",
          "tfidf_score": 0.14973148457174065
        },
        {
          "ngram": "mov_call",
          "tfidf_score": 0.03555933129039109
        },
        {
          "ngram": "test_je",
          "tfidf_score": 0.034649109499681426
        },
        {
          "ngram": "call_mov",
          "tfidf_score": 0.031099244515913713
        },
        {
          "ngram": "mov_test",
          "tfidf_score": 0.03021936345156103
        }
      ],
      "sed": [
        {
          "ngram": "mov_mov",
          "tfidf_score": 0.14612761811982464
        },
        {
          "ngram": "mov_call",
          "tfidf_score": 0.04080749039346214
        },
        {
          "ngram": "call_mov",
          "tfidf_score": 0.037722574010932514
        },
        {
          "ngram": "mov_lea",
          "tfidf_score": 0.023109812198950044
        },
        {
          "ngram": "jmp_nop",
          "tfidf_score": 0.023109812198950044
        }
      ],
      "gzip": [
        {
          "ngram": "mov_mov",
          "tfidf_score": 0.1218384552624422
        },
        {
          "ngram": "call_mov",
          "tfidf_score": 0.024408485178134348
        },
        {
          "ngram": "mov_lea",
          "tfidf_score": 0.024068534131085124
        },
        {
          "ngram": "mov_call",
          "tfidf_score": 0.023524612455806365
        },
        {
          "ngram": "lea_mov",
          "tfidf_score": 0.023456622246396518
        }
      ],
      "bzip2": [
        {
          "ngram": "mov_mov",
          "tfidf_score": 0.07675775253300583
        },
        {
          "ngram": "mov_call",
          "tfidf_score": 0.06294135707706479
        },
        {
          "ngram": "call_mov",
          "tfidf_score": 0.040221062327295054
        },
        {
          "ngram": "lea_mov",
          "tfidf_score": 0.03868590727663494
        },
        {
          "ngram": "mov_lea",
          "tfidf_score": 0.03346638010439054
        }
      ],
      "xz": [
        {
          "ngram": "mov_mov",
          "tfidf_score": 0.10734332948865821
        },
        {
          "ngram": "mov_call",
          "tfidf_score": 0.057593233371780087
        },
        {
          "ngram": "call_mov",
          "tfidf_score": 0.05228758169934641
        },
        {
          "ngram": "mov_lea",
          "tfidf_score": 0.043675509419454056
        },
        {
          "ngram": "lea_mov",
          "tfidf_score": 0.033679354094579006
        }
      ],
      "find": [
        {
          "ngram": "mov_mov",
          "tfidf_score": 0.1291975135101365
        },
        {
          "ngram": "mov_call",
          "tfidf_score": 0.038703026895323775
        },
        {
          "ngram": "call_mov",
          "tfidf_score": 0.036422703276793804
        },
        {
          "ngram": "test_je",
          "tfidf_score": 0.02742635804204542
        },
        {
          "ngram": "mov_lea",
          "tfidf_score": 0.02502108518414394
        }
      ],
      "tar": [
        {
          "ngram": "mov_mov",
          "tfidf_score": 0.12152541912344102
        },
        {
          "ngram": "mov_call",
          "tfidf_score": 0.04275466673912453
        },
        {
          "ngram": "call_mov",
          "tfidf_score": 0.04166779882074831
        },
        {
          "ngram": "test_je",
          "tfidf_score": 0.030595331902290576
        },
        {
          "ngram": "mov_test",
          "tfidf_score": 0.026193516832866887
        }
      ],
      "bash": [
        {
          "ngram": "mov_mov",
          "tfidf_score": 0.1218366968455482
        },
        {
          "ngram": "mov_call",
          "tfidf_score": 0.04634734375263433
        },
        {
          "ngram": "call_mov",
          "tfidf_score": 0.04589634650076712
        },
        {
          "ngram": "test_je",
          "tfidf_score": 0.0404211555645474
        },
        {
          "ngram": "mov_test",
          "tfidf_score": 0.03998280309544282
        }
      ],
      "python3": [
        {
          "ngram": "mov_mov",
          "tfidf_score": 0.13659087578903162
        },
        {
          "ngram": "mov_call",
          "tfidf_score": 0.05245365611086305
        },
        {
          "ngram": "mov_test",
          "tfidf_score": 0.03954878525764168
        },
        {
          "ngram": "je_mov",
          "tfidf_score": 0.03292732313635089
        },
        {
          "ngram": "jmp_mov",
          "tfidf_score": 0.03156934074974011
        }
      ],
      "curl": [
        {
          "ngram": "mov_mov",
          "tfidf_score": 0.11916128084606345
        },
        {
          "ngram": "mov_call",
          "tfidf_score": 0.04648942420681551
        },
        {
          "ngram": "call_mov",
          "tfidf_score": 0.04439629847238543
        },
        {
          "ngram": "test_je",
          "tfidf_score": 0.033196239717978845
        },
        {
          "ngram": "mov_test",
          "tfidf_score": 0.03315951821386604
        }
      ],
      "git": [
        {
          "ngram": "mov_mov",
          "tfidf_score": 0.13045384643901267
        },
        {
          "ngram": "mov_call",
          "tfidf_score": 0.04410886792139277
        },
        {
          "ngram": "call_mov",
          "tfidf_score": 0.04024958166564187
        },
        {
          "ngram": "mov_lea",
          "tfidf_score": 0.033978081708466015
        },
        {
          "ngram": "lea_mov",
          "tfidf_score": 0.032954137259689445
        }
      ],
      "vim": [
        {
          "ngram": "mov_mov",
          "tfidf_score": 0.11970057964252616
        },
        {
          "ngram": "mov_call",
          "tfidf_score": 0.0399579832468395
        },
        {
          "ngram": "mov_test",
          "tfidf_score": 0.03937795828664451
        },
        {
          "ngram": "test_je",
          "tfidf_score": 0.03934991312373398
        },
        {
          "ngram": "call_mov",
          "tfidf_score": 0.033984363546897246
        }
      ],
      "nano": [
        {
          "ngram": "mov_mov",
          "tfidf_score": 0.1187089715536105
        },
        {
          "ngram": "mov_call",
          "tfidf_score": 0.05488694383661561
        },
        {
          "ngram": "call_mov",
          "tfidf_score": 0.048038738957776154
        },
        {
          "ngram": "mov_lea",
          "tfidf_score": 0.02949995947807764
        },
        {
          "ngram": "lea_mov",
          "tfidf_score": 0.026217683766917903
        }
      ],
      "gcc": [
        {
          "ngram": "mov_mov",
          "tfidf_score": 0.15551313101032652
        },
        {
          "ngram": "mov_call",
          "tfidf_score": 0.045897397464519846
        },
        {
          "ngram": "call_mov",
          "tfidf_score": 0.03530265617973982
        },
        {
          "ngram": "mov_jmp",
          "tfidf_score": 0.03200511198239206
        },
        {
          "ngram": "jmp_mov",
          "tfidf_score": 0.029244010381742017
        }
      ],
      "objdump": [
        {
          "ngram": "mov_mov",
          "tfidf_score": 0.14246682918050488
        },
        {
          "ngram": "call_mov",
          "tfidf_score": 0.05431670565908087
        },
        {
          "ngram": "mov_call",
          "tfidf_score": 0.05129002175940317
        },
        {
          "ngram": "mov_lea",
          "tfidf_score": 0.032017407522536526
        },
        {
          "ngram": "mov_xor",
          "tfidf_score": 0.03188652389444235
        }
      ]
    }
  },
  "3gram": {
    "n": 3,
    "similarity_matrix": [
      [
        0.9999999999999937,
        0.9700221638773601,
        0.9467710154793587,
        0.6821667973986226,
        0.8038139903038657,
        0.9592218150034382,
        0.9617451465463781,
        0.9429747631272517,
        0.918621009097829,
        0.9169796464343135,
        0.9449403563759532,
        0.9522040166724742,
        0.9148054675258085,
        0.9399254297009215,
        0.8769745367439619
      ],
      [
        0.9700221638773601,
        1.0000000000000018,
        0.9602026438949371,
        0.7247563575306056,
        0.85315605221873,
        0.9628084480091864,
        0.9591144755907518,
        0.9178588480418154,
        0.8915440406223237,
        0.9189485381919038,
        0.938227687440955,
        0.9214171215106518,
        0.932771653598438,
        0.9460002095202963,
        0.9008841131641068
      ],
      [
        0.9467710154793587,
        0.9602026438949371,
        0.9999999999999998,
        0.714103597332467,
        0.8075927466661034,
        0.937017397356796,
        0.934023478451727,
        0.8971904014894999,
        0.864310938223506,
        0.9027389466408637,
        0.9184751604597962,
        0.910991663861067,
        0.8980914502687796,
        0.9190841905829158,
        0.8531652526336139
      ],
      [
        0.6821667973986226,
        0.7247563575306056,
        0.714103597332467,
        1.0000000000000013,
        0.8195534158750273,
        0.753957188246394,
        0.7509487550743928,
        0.70559236962303,
        0.6491423147389315,
        0.8025485943357363,
        0.7285150524539329,
        0.7066642754627206,
        0.7995413734601923,
        0.6495224048959237,
        0.6951186069444187
      ],
      [
        0.8038139903038657,
        0.85315605221873,
        0.8075927466661034,
        0.8195534158750273,
        1.0000000000000042,
        0.8706531427815238,
        0.8665675061244471,
        0.827863717623168,
        0.7587720060344241,
        0.8738437166619327,
        0.8610886399824951,
        0.8001455617604629,
        0.9199555064709958,
        0.8168677050190463,
        0.8884743551662196
      ],
      [
        0.9592218150034382,
        0.9628084480091864,
        0.937017397356796,
        0.753957188246394,
        0.8706531427815238,
        1.0000000000000044,
        0.976700847170674,
        0.9473009580657602,
        0.9081297876398969,
        0.9398645598711328,
        0.9655199836925468,
        0.9403761263380536,
        0.9550241092980054,
        0.9336092026304383,
        0.9152990016345943
      ],
      [
        0.9617451465463781,
        0.9591144755907518,
        0.934023478451727,
        0.7509487550743928,
        0.8665675061244471,
        0.976700847170674,
        0.9999999999999982,
        0.9719557175642017,
        0.9270336760803031,
        0.9593073553824111,
        0.9691462248467496,
        0.9668298142903887,
        0.9625847793972774,
        0.935191690552195,
        0.9055714260914332
      ],
      [
        0.9429747631272517,
        0.9178588480418154,
        0.8971904014894999,
        0.70559236962303,
        0.827863717623168,
        0.9473009580657602,
        0.9719557175642017,
        1.0000000000000018,
        0.9183978368270334,
        0.9562188335559147,
        0.9537975223346526,
        0.9791327659756558,
        0.9379515276866656,
        0.9006359744363273,
        0.8772999941084813
      ],
      [
        0.918621009097829,
        0.8915440406223237,
        0.864310938223506,
        0.6491423147389315,
        0.7587720060344241,
        0.9081297876398969,
        0.9270336760803031,
        0.9183978368270334,
        0.9999999999999956,
        0.8901630759391665,
        0.9022245006150341,
        0.9248133962343711,
        0.8825801290441739,
        0.9244641830602005,
        0.854303487409371
      ],
      [
        0.9169796464343135,
        0.9189485381919038,
        0.9027389466408637,
        0.8025485943357363,
        0.8738437166619327,
        0.9398645598711328,
        0.9593073553824111,
        0.9562188335559147,
        0.8901630759391665,
        0.9999999999999922,
        0.9444788662388358,
        0.9449246255047028,
        0.9445677056956147,
        0.8871351540033107,
        0.8834676110474446
      ],
      [
        0.9449403563759532,
        0.938227687440955,
        0.9184751604597962,
        0.7285150524539329,
        0.8610886399824951,
        0.9655199836925468,
        0.9691462248467496,
        0.9537975223346526,
        0.9022245006150341,
        0.9444788662388358,
        0.9999999999999932,
        0.9528809088959193,
        0.9544545270264131,
        0.9169738203766632,
        0.9180392798167133
      ],
      [
        0.9522040166724742,
        0.9214171215106518,
        0.910991663861067,
        0.7066642754627206,
        0.8001455617604629,
        0.9403761263380536,
        0.9668298142903887,
        0.9791327659756558,
        0.9248133962343711,
        0.9449246255047028,
        0.9528809088959193,
        0.9999999999999954,
        0.9282456963018112,
        0.8981849320848738,
        0.8593281616440892
      ],
      [
        0.9148054675258085,
        0.932771653598438,
        0.8980914502687796,
        0.7995413734601923,
        0.9199555064709958,
        0.9550241092980054,
        0.9625847793972774,
        0.9379515276866656,
        0.8825801290441739,
        0.9445677056956147,
        0.9544545270264131,
        0.9282456963018112,
        1.0000000000000118,
        0.9084626930261204,
        0.9277946410554803
      ],
      [
        0.9399254297009215,
        0.9460002095202963,
        0.9190841905829158,
        0.6495224048959237,
        0.8168677050190463,
        0.9336092026304383,
        0.935191690552195,
        0.9006359744363273,
        0.9244641830602005,
        0.8871351540033107,
        0.9169738203766632,
        0.8981849320848738,
        0.9084626930261204,
        0.9999999999999928,
        0.9049424538440303
      ],
      [
        0.8769745367439619,
        0.9008841131641068,
        0.8531652526336139,
        0.6951186069444187,
        0.8884743551662196,
        0.9152990016345943,
        0.9055714260914332,
        0.8772999941084813,
        0.854303487409371,
        0.8834676110474446,
        0.9180392798167133,
        0.8593281616440892,
        0.9277946410554803,
        0.9049424538440303,
        1.000000000000013
      ]
    ],
    "distance_matrix": [
      [
        6.328271240363392e-15,
        0.029977836122639934,
        0.05322898452064129,
        0.3178332026013774,
        0.1961860096961343,
        0.04077818499656183,
        0.038254853453621895,
        0.0570252368727483,
        0.08137899090217104,
        0.08302035356568649,
        0.055059643624046806,
        0.04779598332752577,
        0.08519453247419151,
        0.06007457029907848,
        0.12302546325603814
      ],
      [
        0.029977836122639934,
        -1.7763568394002505e-15,
        0.03979735610506285,
        0.27524364246939437,
        0.14684394778126997,
        0.03719155199081359,
        0.0408855244092482,
        0.08214115195818461,
        0.10845595937767627,
        0.08105146180809619,
        0.06177231255904503,
        0.0785828784893482,
        0.06722834640156194,
        0.05399979047970371,
        0.09911588683589323
      ],
      [
        0.05322898452064129,
        0.03979735610506285,
        2.220446049250313e-16,
        0.285896402667533,
        0.19240725333389663,
        0.06298260264320399,
        0.06597652154827305,
        0.10280959851050009,
        0.13568906177649398,
        0.09726105335913626,
        0.08152483954020384,
        0.089008336138933,
        0.10190854973122043,
        0.0809158094170842,
        0.14683474736638613
      ],
      [
        0.3178332026013774,
        0.27524364246939437,
        0.285896402667533,
        -1.3322676295501878e-15,
        0.18044658412497272,
        0.24604281175360598,
        0.24905124492560715,
        0.29440763037697004,
        0.35085768526106853,
        0.19745140566426367,
        0.2714849475460671,
        0.2933357245372794,
        0.20045862653980773,
        0.3504775951040763,
        0.30488139305558126
      ],
      [
        0.1961860096961343,
        0.14684394778126997,
        0.19240725333389663,
        0.18044658412497272,
        -4.218847493575595e-15,
        0.12934685721847616,
        0.1334324938755529,
        0.17213628237683198,
        0.24122799396557593,
        0.12615628333806728,
        0.13891136001750493,
        0.19985443823953708,
        0.08004449352900422,
        0.18313229498095374,
        0.11152564483378036
      ],
      [
        0.04077818499656183,
        0.03719155199081359,
        0.06298260264320399,
        0.24604281175360598,
        0.12934685721847616,
        -4.440892098500626e-15,
        0.023299152829326042,
        0.0526990419342398,
        0.09187021236010307,
        0.06013544012886718,
        0.03448001630745323,
        0.059623873661946436,
        0.04497589070199459,
        0.06639079736956166,
        0.08470099836540568
      ],
      [
        0.038254853453621895,
        0.0408855244092482,
        0.06597652154827305,
        0.24905124492560715,
        0.1334324938755529,
        0.023299152829326042,
        1.7763568394002505e-15,
        0.028044282435798262,
        0.07296632391969693,
        0.040692644617588924,
        0.030853775153250385,
        0.03317018570961128,
        0.03741522060272262,
        0.06480830944780502,
        0.09442857390856685
      ],
      [
        0.0570252368727483,
        0.08214115195818461,
        0.10280959851050009,
        0.29440763037697004,
        0.17213628237683198,
        0.0526990419342398,
        0.028044282435798262,
        -1.7763568394002505e-15,
        0.08160216317296665,
        0.04378116644408525,
        0.04620247766534735,
        0.020867234024344206,
        0.062048472313334435,
        0.09936402556367274,
        0.12270000589151875
      ],
      [
        0.08137899090217104,
        0.10845595937767627,
        0.13568906177649398,
        0.35085768526106853,
        0.24122799396557593,
        0.09187021236010307,
        0.07296632391969693,
        0.08160216317296665,
        4.440892098500626e-15,
        0.10983692406083345,
        0.09777549938496588,
        0.07518660376562891,
        0.11741987095582607,
        0.0755358169397995,
        0.145696512590629
      ],
      [
        0.08302035356568649,
        0.08105146180809619,
        0.09726105335913626,
        0.19745140566426367,
        0.12615628333806728,
        0.06013544012886718,
        0.040692644617588924,
        0.04378116644408525,
        0.10983692406083345,
        7.771561172376096e-15,
        0.05552113376116419,
        0.0550753744952972,
        0.05543229430438534,
        0.11286484599668933,
        0.11653238895255535
      ],
      [
        0.055059643624046806,
        0.06177231255904503,
        0.08152483954020384,
        0.2714849475460671,
        0.13891136001750493,
        0.03448001630745323,
        0.030853775153250385,
        0.04620247766534735,
        0.09777549938496588,
        0.05552113376116419,
        6.772360450213455e-15,
        0.047119091104080746,
        0.04554547297358691,
        0.0830261796233368,
        0.0819607201832867
      ],
      [
        0.04779598332752577,
        0.0785828784893482,
        0.089008336138933,
        0.2933357245372794,
        0.19985443823953708,
        0.059623873661946436,
        0.03317018570961128,
        0.020867234024344206,
        0.07518660376562891,
        0.0550753744952972,
        0.047119091104080746,
        4.551914400963142e-15,
        0.0717543036981888,
        0.10181506791512618,
        0.1406718383559108
      ],
      [
        0.08519453247419151,
        0.06722834640156194,
        0.10190854973122043,
        0.20045862653980773,
        0.08004449352900422,
        0.04497589070199459,
        0.03741522060272262,
        0.062048472313334435,
        0.11741987095582607,
        0.05543229430438534,
        0.04554547297358691,
        0.0717543036981888,
        -1.176836406102666e-14,
        0.09153730697387963,
        0.07220535894451974
      ],
      [
        0.06007457029907848,
        0.05399979047970371,
        0.0809158094170842,
        0.3504775951040763,
        0.18313229498095374,
        0.06639079736956166,
        0.06480830944780502,
        0.09936402556367274,
        0.0755358169397995,
        0.11286484599668933,
        0.0830261796233368,
        0.10181506791512618,
        0.09153730697387963,
        7.216449660063518e-15,
        0.09505754615596973
      ],
      [
        0.12302546325603814,
        0.09911588683589323,
        0.14683474736638613,
        0.30488139305558126,
        0.11152564483378036,
        0.08470099836540568,
        0.09442857390856685,
        0.12270000589151875,
        0.145696512590629,
        0.11653238895255535,
        0.0819607201832867,
        0.1406718383559108,
        0.07220535894451974,
        0.09505754615596973,
        -1.3100631690576847e-14
      ]
    ],
    "binary_names": [
      "grep",
      "sed",
      "gzip",
      "bzip2",
      "xz",
      "find",
      "tar",
      "bash",
      "python3",
      "curl",
      "git",
      "vim",
      "nano",
      "gcc",
      "objdump"
    ],
    "feature_count": 10000,
    "statistics": {
      "mean_similarity": 0.8970336652503104,
      "std_similarity": 0.08007874543625612,
      "mean_distance": 0.11032107294609599,
      "std_distance": 0.07784128794850917,
      "min_distance": 0.020867234024344206,
      "max_distance": 0.35085768526106853
    },
    "most_similar_pairs": [
      {
        "binary1": "bash",
        "binary2": "vim",
        "similarity": 0.9791327659756558,
        "distance": 0.020867234024344206
      },
      {
        "binary1": "find",
        "binary2": "tar",
        "similarity": 0.976700847170674,
        "distance": 0.023299152829326042
      },
      {
        "binary1": "tar",
        "binary2": "bash",
        "similarity": 0.9719557175642017,
        "distance": 0.028044282435798262
      },
      {
        "binary1": "grep",
        "binary2": "sed",
        "similarity": 0.9700221638773601,
        "distance": 0.029977836122639934
      },
      {
        "binary1": "tar",
        "binary2": "git",
        "similarity": 0.9691462248467496,
        "distance": 0.030853775153250385
      }
    ],
    "most_different_pairs": [
      {
        "binary1": "bzip2",
        "binary2": "python3",
        "similarity": 0.6491423147389315,
        "distance": 0.35085768526106853
      },
      {
        "binary1": "bzip2",
        "binary2": "gcc",
        "similarity": 0.6495224048959237,
        "distance": 0.3504775951040763
      },
      {
        "binary1": "grep",
        "binary2": "bzip2",
        "similarity": 0.6821667973986226,
        "distance": 0.3178332026013774
      },
      {
        "binary1": "bzip2",
        "binary2": "objdump",
        "similarity": 0.6951186069444187,
        "distance": 0.30488139305558126
      },
      {
        "binary1": "bzip2",
        "binary2": "bash",
        "similarity": 0.70559236962303,
        "distance": 0.29440763037697004
      }
    ],
    "top_features_per_binary": {
      "grep": [
        {
          "ngram": "mov_mov_mov",
          "tfidf_score": 0.07425416444458387
        },
        {
          "ngram": "mov_mov_call",
          "tfidf_score": 0.023339712018069454
        },
        {
          "ngram": "mov_call_mov",
          "tfidf_score": 0.021739812403927597
        },
        {
          "ngram": "mov_test_je",
          "tfidf_score": 0.02098691846786084
        },
        {
          "ngram": "test_je_mov",
          "tfidf_score": 0.01960661291840512
        }
      ],
      "sed": [
        {
          "ngram": "mov_mov_mov",
          "tfidf_score": 0.07050606950834211
        },
        {
          "ngram": "mov_call_mov",
          "tfidf_score": 0.023557452469375312
        },
        {
          "ngram": "mov_mov_call",
          "tfidf_score": 0.019899118674131147
        },
        {
          "ngram": "call_mov_mov",
          "tfidf_score": 0.016351643478742864
        },
        {
          "ngram": "mov_test_je",
          "tfidf_score": 0.01130757718530015
        }
      ],
      "gzip": [
        {
          "ngram": "mov_mov_mov",
