{
  "n": 4,
  "similarity_matrix": [
    [
      0.9999999999999882,
      0.9361595847917673,
      0.8996121724339077,
      0.5084995592009465,
      0.6675187606018663,
      0.9227093570872891,
      0.9276855458482254,
      0.909970124911818,
      0.8446333582897798,
      0.8396848542972062,
      0.9124934530784304,
      0.9185611140965614,
      0.8564693344337567,
      0.8866719996987289,
      0.7830292957259027
    ],
    [
      0.9361595847917673,
      1.0000000000000049,
      0.9192738434566073,
      0.5829838658077919,
      0.7308928297208076,
      0.919064151874003,
      0.9132561760526965,
      0.8548387717187605,
      0.7842017600002277,
      0.8455970535750867,
      0.8778849142486362,
      0.8515078484315435,
      0.8671600451293907,
      0.8680933403773142,
      0.7966746841423881
    ],
    [
      0.8996121724339077,
      0.9192738434566073,
      1.0000000000000104,
      0.592426175524493,
      0.6807018544480987,
      0.8844311852736896,
      0.8839747702513201,
      0.8351556182988061,
      0.759152687723457,
      0.8248984832594091,
      0.8533731015877736,
      0.8425185618652706,
      0.8380014109337023,
      0.8321838402139997,
      0.7334251391068642
    ],
    [
      0.5084995592009465,
      0.5829838658077919,
      0.592426175524493,
      0.9999999999999981,
      0.6966767431891325,
      0.5971515903860297,
      0.5807660091055659,
      0.472215721769945,
      0.41120091289151933,
      0.6626393940058145,
      0.49319675060190543,
      0.4665740511497063,
      0.6373222872492625,
      0.4434180401241056,
      0.4929733742931157
    ],
    [
      0.6675187606018663,
      0.7308928297208076,
      0.6807018544480987,
      0.6966767431891325,
      0.9999999999999939,
      0.7492936226788156,
      0.739143807504202,
      0.6654501213248664,
      0.5703749633646765,
      0.7417647075602867,
      0.6843359111048493,
      0.6276964454360251,
      0.8058501088067046,
      0.6695567079598789,
      0.7630830270583203
    ],
    [
      0.9227093570872891,
      0.919064151874003,
      0.8844311852736896,
      0.5971515903860297,
      0.7492936226788156,
      0.9999999999999992,
      0.9458974885549344,
      0.9020868611182628,
      0.8221633018960448,
      0.8722111868146862,
      0.9187490933268353,
      0.886318455747152,
      0.898679348439922,
      0.8621848564132324,
      0.820332514235881
    ],
    [
      0.9276855458482254,
      0.9132561760526965,
      0.8839747702513201,
      0.5807660091055659,
      0.739143807504202,
      0.9458974885549344,
      0.9999999999999899,
      0.9399584002301546,
      0.8597320759037855,
      0.9035257837840033,
      0.9364325126515289,
      0.9282297731561043,
      0.9177332359593958,
      0.87997328945519,
      0.8116692669095071
    ],
    [
      0.909970124911818,
      0.8548387717187605,
      0.8351556182988061,
      0.472215721769945,
      0.6654501213248664,
      0.9020868611182628,
      0.9399584002301546,
      1.0000000000000002,
      0.8611605961710489,
      0.8816859053708964,
      0.9270404783801094,
      0.9560899152332925,
      0.8816276917010286,
      0.8483172543365269,
      0.7893595898138318
    ],
    [
      0.8446333582897798,
      0.7842017600002277,
      0.759152687723457,
      0.41120091289151933,
      0.5703749633646765,
      0.8221633018960448,
      0.8597320759037855,
      0.8611605961710489,
      1.0000000000000158,
      0.7800162057087604,
      0.8398351567603507,
      0.8670411380576051,
      0.7847047494841531,
      0.8488923391554694,
      0.7288441854454634
    ],
    [
      0.8396848542972062,
      0.8455970535750867,
      0.8248984832594091,
      0.6626393940058145,
      0.7417647075602867,
      0.8722111868146862,
      0.9035257837840033,
      0.8816859053708964,
      0.7800162057087604,
      0.9999999999999918,
      0.8589824382237267,
      0.8573139926060269,
      0.8673629067238212,
      0.7854494568769902,
      0.7600698938822901
    ],
    [
      0.9124934530784304,
      0.8778849142486362,
      0.8533731015877736,
      0.49319675060190543,
      0.6843359111048493,
      0.9187490933268353,
      0.9364325126515289,
      0.9270404783801094,
      0.8398351567603507,
      0.8589824382237267,
      1.0000000000000084,
      0.9261941110590156,
      0.8988785539671155,
      0.8693023268964887,
      0.8291893646577493
    ],
    [
      0.9185611140965614,
      0.8515078484315435,
      0.8425185618652706,
      0.4665740511497063,
      0.6276964454360251,
      0.886318455747152,
      0.9282297731561043,
      0.9560899152332925,
      0.8670411380576051,
      0.8573139926060269,
      0.9261941110590156,
      1.0000000000000075,
      0.8691274467572143,
      0.8403744416147091,
      0.7629339370956717
    ],
    [
      0.8564693344337567,
      0.8671600451293907,
      0.8380014109337023,
      0.6373222872492625,
      0.8058501088067046,
      0.898679348439922,
      0.9177332359593958,
      0.8816276917010286,
      0.7847047494841531,
      0.8673629067238212,
      0.8988785539671155,
      0.8691274467572143,
      0.9999999999999966,
      0.8263450970505346,
      0.8401962421307911
    ],
    [
      0.8866719996987289,
      0.8680933403773142,
      0.8321838402139997,
      0.4434180401241056,
      0.6695567079598789,
      0.8621848564132324,
      0.87997328945519,
      0.8483172543365269,
      0.8488923391554694,
      0.7854494568769902,
      0.8693023268964887,
      0.8403744416147091,
      0.8263450970505346,
      1.0000000000000018,
      0.8067821916799489
    ],
    [
      0.7830292957259027,
      0.7966746841423881,
      0.7334251391068642,
      0.4929733742931157,
      0.7630830270583203,
      0.820332514235881,
      0.8116692669095071,
      0.7893595898138318,
      0.7288441854454634,
      0.7600698938822901,
      0.8291893646577493,
      0.7629339370956717,
      0.8401962421307911,
      0.8067821916799489,
      1.0000000000000095
    ]
  ],
  "distance_matrix": [
    [
      1.176836406102666e-14,
      0.06384041520823269,
      0.10038782756609232,
      0.49150044079905353,
      0.3324812393981337,
      0.07729064291271093,
      0.07231445415177462,
      0.09002987508818205,
      0.1553666417102202,
      0.16031514570279382,
      0.08750654692156956,
      0.08143888590343862,
      0.14353066556624328,
      0.1133280003012711,
      0.21697070427409726
    ],
    [
      0.06384041520823269,
      -4.884981308350689e-15,
      0.08072615654339266,
      0.41701613419220807,
      0.2691071702791924,
      0.08093584812599697,
      0.08674382394730351,
      0.14516122828123945,
      0.21579823999977232,
      0.15440294642491326,
      0.12211508575136376,
      0.14849215156845652,
      0.1328399548706093,
      0.13190665962268577,
      0.20332531585761193
    ],
    [
      0.10038782756609232,
      0.08072615654339266,
      -1.0436096431476471e-14,
      0.40757382447550705,
      0.3192981455519013,
      0.11556881472631042,
      0.1160252297486799,
      0.16484438170119387,
      0.240847312276543,
      0.17510151674059093,
      0.14662689841222643,
      0.15748143813472937,
      0.16199858906629772,
      0.16781615978600029,
      0.26657486089313576
    ],
    [
      0.49150044079905353,
      0.41701613419220807,
      0.40757382447550705,
      1.887379141862766e-15,
      0.30332325681086747,
      0.4028484096139703,
      0.41923399089443414,
      0.527784278230055,
      0.5887990871084807,
      0.3373606059941855,
      0.5068032493980945,
      0.5334259488502937,
      0.36267771275073746,
      0.5565819598758944,
      0.5070266257068843
    ],
    [
      0.3324812393981337,
      0.2691071702791924,
      0.3192981455519013,
      0.30332325681086747,
      6.106226635438361e-15,
      0.2507063773211844,
      0.26085619249579794,
      0.33454987867513364,
      0.4296250366353235,
      0.2582352924397133,
      0.31566408889515074,
      0.3723035545639749,
      0.1941498911932954,
      0.33044329204012113,
      0.23691697294167968
    ],
    [
      0.07729064291271093,
      0.08093584812599697,
      0.11556881472631042,
      0.4028484096139703,
      0.2507063773211844,
      7.771561172376096e-16,
      0.054102511445065615,
      0.09791313888173725,
      0.1778366981039552,
      0.12778881318531377,
      0.0812509066731647,
      0.11368154425284804,
      0.10132065156007797,
      0.1378151435867676,
      0.17966748576411895
    ],
    [
      0.07231445415177462,
      0.08674382394730351,
      0.1160252297486799,
      0.41923399089443414,
      0.26085619249579794,
      0.054102511445065615,
      1.0103029524088925e-14,
      0.060041599769845355,
      0.14026792409621447,
      0.09647421621599672,
      0.06356748734847106,
      0.07177022684389567,
      0.08226676404060418,
      0.12002671054480996,
      0.18833073309049286
    ],
    [
      0.09002987508818205,
      0.14516122828123945,
      0.16484438170119387,
      0.527784278230055,
      0.33454987867513364,
      0.09791313888173725,
      0.060041599769845355,
      -2.220446049250313e-16,
      0.1388394038289511,
      0.11831409462910358,
      0.07295952161989061,
      0.04391008476670755,
      0.11837230829897138,
      0.15168274566347306,
      0.2106404101861682
    ],
    [
      0.1553666417102202,
      0.21579823999977232,
      0.240847312276543,
      0.5887990871084807,
      0.4296250366353235,
      0.1778366981039552,
      0.14026792409621447,
      0.1388394038289511,
      -1.5765166949677223e-14,
      0.2199837942912396,
      0.1601648432396493,
      0.13295886194239492,
      0.21529525051584686,
      0.15110766084453064,
      0.27115581455453663
    ],
    [
      0.16031514570279382,
      0.15440294642491326,
      0.17510151674059093,
      0.3373606059941855,
      0.2582352924397133,
      0.12778881318531377,
      0.09647421621599672,
      0.11831409462910358,
      0.2199837942912396,
      8.215650382226158e-15,
      0.14101756177627334,
      0.14268600739397308,
      0.13263709327617879,
      0.2145505431230098,
      0.23993010611770993
    ],
    [
      0.08750654692156956,
      0.12211508575136376,
      0.14662689841222643,
      0.5068032493980945,
      0.31566408889515074,
      0.0812509066731647,
      0.06356748734847106,
      0.07295952161989061,
      0.1601648432396493,
      0.14101756177627334,
      -8.43769498715119e-15,
      0.07380588894098439,
      0.10112144603288453,
      0.13069767310351132,
      0.17081063534225072
    ],
    [
      0.08143888590343862,
      0.14849215156845652,
      0.15748143813472937,
      0.5334259488502937,
      0.3723035545639749,
      0.11368154425284804,
      0.07177022684389567,
      0.04391008476670755,
      0.13295886194239492,
      0.14268600739397308,
      0.07380588894098439,
      -7.549516567451064e-15,
      0.13087255324278568,
      0.1596255583852909,
      0.2370660629043283
    ],
    [
      0.14353066556624328,
      0.1328399548706093,
      0.16199858906629772,
      0.36267771275073746,
      0.1941498911932954,
      0.10132065156007797,
      0.08226676404060418,
      0.11837230829897138,
      0.21529525051584686,
      0.13263709327617879,
      0.10112144603288453,
      0.13087255324278568,
      3.4416913763379853e-15,
      0.1736549029494654,
      0.15980375786920886
    ],
    [
      0.1133280003012711,
      0.13190665962268577,
      0.16781615978600029,
      0.5565819598758944,
      0.33044329204012113,
      0.1378151435867676,
      0.12002671054480996,
      0.15168274566347306,
      0.15110766084453064,
      0.2145505431230098,
      0.13069767310351132,
      0.1596255583852909,
      0.1736549029494654,
      -1.7763568394002505e-15,
      0.1932178083200511
    ],
    [
      0.21697070427409726,
      0.20332531585761193,
      0.26657486089313576,
      0.5070266257068843,
      0.23691697294167968,
      0.17966748576411895,
      0.18833073309049286,
      0.2106404101861682,
      0.27115581455453663,
      0.23993010611770993,
      0.17081063534225072,
      0.2370660629043283,
      0.15980375786920886,
      0.1932178083200511,
      -9.547918011776346e-15
    ]
  ],
  "binary_names": [
    "grep",
    "sed",
    "gzip",
    "bzip2",
    "xz",
    "find",
    "tar",
    "bash",
    "python3",
    "curl",
    "git",
    "vim",
    "nano",
    "gcc",
    "objdump"
  ],
  "feature_count": 10000,
  "statistics": {
    "mean_similarity": 0.8120448886801807,
    "std_similarity": 0.13219240793998938,
    "mean_distance": 0.20138047641409232,
    "std_distance": 0.12656788153074763,
    "min_distance": 0.04391008476670755,
    "max_distance": 0.5887990871084807
  },
  "most_similar_pairs": [
    {
      "binary1": "bash",
      "binary2": "vim",
      "similarity": 0.9560899152332925,
      "distance": 0.04391008476670755
    },
    {
      "binary1": "find",
      "binary2": "tar",
      "similarity": 0.9458974885549344,
      "distance": 0.054102511445065615
    },
    {
      "binary1": "tar",
      "binary2": "bash",
      "similarity": 0.9399584002301546,
      "distance": 0.060041599769845355
    },
    {
      "binary1": "tar",
      "binary2": "git",
      "similarity": 0.9364325126515289,
      "distance": 0.06356748734847106
    },
    {
      "binary1": "grep",
      "binary2": "sed",
      "similarity": 0.9361595847917673,
      "distance": 0.06384041520823269
    }
  ],
  "most_different_pairs": [
    {
      "binary1": "bzip2",
      "binary2": "python3",
      "similarity": 0.41120091289151933,
      "distance": 0.5887990871084807
    },
    {
      "binary1": "bzip2",
      "binary2": "gcc",
      "similarity": 0.4434180401241056,
      "distance": 0.5565819598758944
    },
    {
      "binary1": "bzip2",
      "binary2": "vim",
      "similarity": 0.4665740511497063,
      "distance": 0.5334259488502937
    },
    {
      "binary1": "bzip2",
      "binary2": "bash",
      "similarity": 0.472215721769945,
      "distance": 0.527784278230055
    },
    {
      "binary1": "bzip2",
      "binary2": "objdump",
      "similarity": 0.4929733742931157,
      "distance": 0.5070266257068843
    }
  ],
  "top_features_per_binary": {
    "grep": [
      {
        "ngram": "mov_mov_mov_mov",
        "tfidf_score": 0.04599601668482958
      },
      {
        "ngram": "mov_mov_call_mov",
        "tfidf_score": 0.017661869151854498
      },
      {
        "ngram": "mov_test_je_mov",
        "tfidf_score": 0.015933260681672994
      },
      {
        "ngram": "mov_call_mov_mov",
        "tfidf_score": 0.015144113336590131
      },
      {
        "ngram": "mov_mov_mov_call",
        "tfidf_score": 0.013828867761452032
      }
    ],
    "sed": [
      {
        "ngram": "mov_mov_mov_mov",
        "tfidf_score": 0.04211475304269431
      },
      {
        "ngram": "mov_mov_call_mov",
        "tfidf_score": 0.014746603129628437
      },
      {
        "ngram": "mov_call_mov_mov",
        "tfidf_score": 0.013265503251980166
      },
      {
        "ngram": "mov_mov_mov_call",
        "tfidf_score": 0.010238907849829351
      },
      {
        "ngram": "pop_pop_pop_pop",
        "tfidf_score": 0.008113851503638353
      }
    ],
    "gzip": [
      {
        "ngram": "mov_mov_mov_mov",
        "tfidf_score": 0.03076375922468214
      },
      {
        "ngram": "mov_mov_call_mov",
        "tfidf_score": 0.00960256068284876
      },
      {
        "ngram": "pop_pop_pop_pop",
        "tfidf_score": 0.00933582288610296
      },
      {
        "ngram": "mov_call_mov_mov",
        "tfidf_score": 0.008891259891526629
      },
      {
        "ngram": "mov_mov_mov_call",
        "tfidf_score": 0.008268871699119766
      }
    ],
    "bzip2": [
      {
        "ngram": "endbr64_jmp_nop_endbr64",
        "tfidf_score": 0.016421484775915155
      },
      {
        "ngram": "endbr64_push_jmp_xchg",
        "tfidf_score": 0.016079370509750255
      },
      {
        "ngram": "push_jmp_xchg_endbr64",
        "tfidf_score": 0.016079370509750255
      },
      {
        "ngram": "nop_endbr64_jmp_nop",
        "tfidf_score": 0.016079370509750255
      },
      {
        "ngram": "jmp_nop_endbr64_jmp",
        "tfidf_score": 0.016079370509750255
      }
    ],
    "xz": [
      {
        "ngram": "mov_call_mov_mov",
        "tfidf_score": 0.02059788552679548
      },
      {
        "ngram": "mov_mov_call_mov",
        "tfidf_score": 0.017316806416332483
      },
      {
        "ngram": "mov_mov_mov_mov",
        "tfidf_score": 0.014582573824279986
      },
      {
        "ngram": "mov_lea_mov_call",
        "tfidf_score": 0.014309150565074735
      },
      {
        "ngram": "mov_mov_mov_call",
        "tfidf_score": 0.013580021873860737
      }
    ],
    "find": [
      {
        "ngram": "mov_mov_mov_mov",
        "tfidf_score": 0.03195368595165595
      },
      {
        "ngram": "mov_mov_call_mov",
        "tfidf_score": 0.01552573211533401
      },
      {
        "ngram": "mov_call_mov_mov",
        "tfidf_score": 0.01270628923724672
      },
      {
        "ngram": "mov_mov_mov_call",
        "tfidf_score": 0.011616104657719634
      },
      {
        "ngram": "pop_pop_pop_pop",
        "tfidf_score": 0.010225179504529905
      }
    ],
    "tar": [
      {
        "ngram": "mov_mov_mov_mov",
        "tfidf_score": 0.027362944406975623
      },
      {
        "ngram": "mov_mov_call_mov",
        "tfidf_score": 0.01541574332787359
      },
      {
        "ngram": "pop_pop_pop_pop",
        "tfidf_score": 0.012268362398432733
      },
      {
        "ngram": "mov_mov_mov_call",
        "tfidf_score": 0.012091723672800848
      },
      {
        "ngram": "mov_call_mov_mov",
        "tfidf_score": 0.011433342968172912
      }
    ],
    "bash": [
      {
        "ngram": "mov_mov_mov_mov",
        "tfidf_score": 0.02674209308305477
      },
      {
        "ngram": "mov_mov_call_mov",
        "tfidf_score": 0.01673321463052538
      },
      {
        "ngram": "mov_test_je_mov",
        "tfidf_score": 0.015112775753576852
      },
      {
        "ngram": "mov_call_mov_mov",
        "tfidf_score": 0.0142394853408501
      },
      {
        "ngram": "mov_mov_mov_call",
        "tfidf_score": 0.011241188257154916
      }
    ],
    "python3": [
      {
        "ngram": "mov_mov_mov_mov",
        "tfidf_score": 0.028544081222388412
      },
      {
        "ngram": "mov_mov_call_mov",
        "tfidf_score": 0.018052678307191476
      },
      {
        "ngram": "mov_mov_mov_call",
        "tfidf_score": 0.01774606805681088
      },
      {
        "ngram": "mov_test_je_mov",
        "tfidf_score": 0.013130917244560334
      },
      {
        "ngram": "pop_pop_pop_pop",
        "tfidf_score": 0.011025971221295281
      }
    ],
    "curl": [
      {
        "ngram": "mov_mov_mov_mov",
        "tfidf_score": 0.021092278719397364
      },
      {
        "ngram": "mov_mov_call_mov",
        "tfidf_score": 0.016991002301736766
      },
      {
        "ngram": "mov_call_mov_mov",
        "tfidf_score": 0.013224523958987235
      },
      {
        "ngram": "mov_call_mov_test",
        "tfidf_score": 0.00962544465369324
      },
      {
        "ngram": "mov_mov_mov_call",
        "tfidf_score": 0.009416195856873822
      }
    ],
    "git": [
      {
        "ngram": "mov_mov_mov_mov",
        "tfidf_score": 0.030343237987833057
      },
      {
        "ngram": "mov_mov_call_mov",
        "tfidf_score": 0.013745215043293504
      },
      {
        "ngram": "pop_pop_pop_pop",
        "tfidf_score": 0.0118341389403192
      },
      {
        "ngram": "mov_mov_mov_call",
        "tfidf_score": 0.01135455330231044
      },
      {
        "ngram": "mov_call_mov_mov",
        "tfidf_score": 0.011122026932366798
      }
    ],
    "vim": [
      {
        "ngram": "mov_mov_mov_mov",
        "tfidf_score": 0.027031175059952037
      },
      {
        "ngram": "mov_test_je_mov",
        "tfidf_score": 0.01549972329828445
      },
      {
        "ngram": "mov_mov_call_mov",
        "tfidf_score": 0.013455819959417081
      },
      {
        "ngram": "pop_pop_pop_pop",
        "tfidf_score": 0.010824571112340897
      },
      {
        "ngram": "mov_call_mov_mov",
        "tfidf_score": 0.010201807784541597
      }
    ],
    "nano": [
      {
        "ngram": "mov_mov_mov_mov",
        "tfidf_score": 0.022669389440837025
      },
      {
        "ngram": "pop_pop_pop_pop",
        "tfidf_score": 0.01358327788357846
      },
      {
        "ngram": "mov_mov_call_mov",
        "tfidf_score": 0.013399720074340912
      },
      {
        "ngram": "mov_call_mov_mov",
        "tfidf_score": 0.011816533969667071
      },
      {
        "ngram": "mov_mov_mov_call",
        "tfidf_score": 0.010416905674230778
      }
    ],
    "gcc": [
      {
        "ngram": "mov_mov_mov_mov",
        "tfidf_score": 0.0383292996811494
      },
      {
        "ngram": "mov_mov_call_mov",
        "tfidf_score": 0.021608850985363606
      },
      {
        "ngram": "mov_mov_mov_call",
        "tfidf_score": 0.018958165264492337
      },
      {
        "ngram": "mov_call_mov_mov",
        "tfidf_score": 0.018881333794322153
      },
      {
        "ngram": "jmp_mov_jmp_mov",
        "tfidf_score": 0.012773231915792709
      }
    ],
    "objdump": [
      {
        "ngram": "mov_mov_mov_mov",
        "tfidf_score": 0.028026469443363178
      },
      {
        "ngram": "mov_call_mov_mov",
        "tfidf_score": 0.019703794324269216
      },
      {
        "ngram": "mov_mov_call_mov",
        "tfidf_score": 0.018498952714600825
      },
      {
        "ngram": "call_mov_mov_mov",
        "tfidf_score": 0.017609223525922632
      },
      {
        "ngram": "mov_mov_xor_call",
        "tfidf_score": 0.013512762053050104
      }
    ]
  }
}