{
  "n": 3,
  "similarity_matrix": [
    [
      0.9999999999999937,
      0.9700221638773601,
      0.9467710154793587,
      0.6821667973986226,
      0.8038139903038657,
      0.9592218150034382,
      0.9617451465463781,
      0.9429747631272517,
      0.918621009097829,
      0.9169796464343135,
      0.9449403563759532,
      0.9522040166724742,
      0.9148054675258085,
      0.9399254297009215,
      0.8769745367439619
    ],
    [
      0.9700221638773601,
      1.0000000000000018,
      0.9602026438949371,
      0.7247563575306056,
      0.85315605221873,
      0.9628084480091864,
      0.9591144755907518,
      0.9178588480418154,
      0.8915440406223237,
      0.9189485381919038,
      0.938227687440955,
      0.9214171215106518,
      0.932771653598438,
      0.9460002095202963,
      0.9008841131641068
    ],
    [
      0.9467710154793587,
      0.9602026438949371,
      0.9999999999999998,
      0.714103597332467,
      0.8075927466661034,
      0.937017397356796,
      0.934023478451727,
      0.8971904014894999,
      0.864310938223506,
      0.9027389466408637,
      0.9184751604597962,
      0.910991663861067,
      0.8980914502687796,
      0.9190841905829158,
      0.8531652526336139
    ],
    [
      0.6821667973986226,
      0.7247563575306056,
      0.714103597332467,
      1.0000000000000013,
      0.8195534158750273,
      0.753957188246394,
      0.7509487550743928,
      0.70559236962303,
      0.6491423147389315,
      0.8025485943357363,
      0.7285150524539329,
      0.7066642754627206,
      0.7995413734601923,
      0.6495224048959237,
      0.6951186069444187
    ],
    [
      0.8038139903038657,
      0.85315605221873,
      0.8075927466661034,
      0.8195534158750273,
      1.0000000000000042,
      0.8706531427815238,
      0.8665675061244471,
      0.827863717623168,
      0.7587720060344241,
      0.8738437166619327,
      0.8610886399824951,
      0.8001455617604629,
      0.9199555064709958,
      0.8168677050190463,
      0.8884743551662196
    ],
    [
      0.9592218150034382,
      0.9628084480091864,
      0.937017397356796,
      0.753957188246394,
      0.8706531427815238,
      1.0000000000000044,
      0.976700847170674,
      0.9473009580657602,
      0.9081297876398969,
      0.9398645598711328,
      0.9655199836925468,
      0.9403761263380536,
      0.9550241092980054,
      0.9336092026304383,
      0.9152990016345943
    ],
    [
      0.9617451465463781,
      0.9591144755907518,
      0.934023478451727,
      0.7509487550743928,
      0.8665675061244471,
      0.976700847170674,
      0.9999999999999982,
      0.9719557175642017,
      0.9270336760803031,
      0.9593073553824111,
      0.9691462248467496,
      0.9668298142903887,
      0.9625847793972774,
      0.935191690552195,
      0.9055714260914332
    ],
    [
      0.9429747631272517,
      0.9178588480418154,
      0.8971904014894999,
      0.70559236962303,
      0.827863717623168,
      0.9473009580657602,
      0.9719557175642017,
      1.0000000000000018,
      0.9183978368270334,
      0.9562188335559147,
      0.9537975223346526,
      0.9791327659756558,
      0.9379515276866656,
      0.9006359744363273,
      0.8772999941084813
    ],
    [
      0.918621009097829,
      0.8915440406223237,
      0.864310938223506,
      0.6491423147389315,
      0.7587720060344241,
      0.9081297876398969,
      0.9270336760803031,
      0.9183978368270334,
      0.9999999999999956,
      0.8901630759391665,
      0.9022245006150341,
      0.9248133962343711,
      0.8825801290441739,
      0.9244641830602005,
      0.854303487409371
    ],
    [
      0.9169796464343135,
      0.9189485381919038,
      0.9027389466408637,
      0.8025485943357363,
      0.8738437166619327,
      0.9398645598711328,
      0.9593073553824111,
      0.9562188335559147,
      0.8901630759391665,
      0.9999999999999922,
      0.9444788662388358,
      0.9449246255047028,
      0.9445677056956147,
      0.8871351540033107,
      0.8834676110474446
    ],
    [
      0.9449403563759532,
      0.938227687440955,
      0.9184751604597962,
      0.7285150524539329,
      0.8610886399824951,
      0.9655199836925468,
      0.9691462248467496,
      0.9537975223346526,
      0.9022245006150341,
      0.9444788662388358,
      0.9999999999999932,
      0.9528809088959193,
      0.9544545270264131,
      0.9169738203766632,
      0.9180392798167133
    ],
    [
      0.9522040166724742,
      0.9214171215106518,
      0.910991663861067,
      0.7066642754627206,
      0.8001455617604629,
      0.9403761263380536,
      0.9668298142903887,
      0.9791327659756558,
      0.9248133962343711,
      0.9449246255047028,
      0.9528809088959193,
      0.9999999999999954,
      0.9282456963018112,
      0.8981849320848738,
      0.8593281616440892
    ],
    [
      0.9148054675258085,
      0.932771653598438,
      0.8980914502687796,
      0.7995413734601923,
      0.9199555064709958,
      0.9550241092980054,
      0.9625847793972774,
      0.9379515276866656,
      0.8825801290441739,
      0.9445677056956147,
      0.9544545270264131,
      0.9282456963018112,
      1.0000000000000118,
      0.9084626930261204,
      0.9277946410554803
    ],
    [
      0.9399254297009215,
      0.9460002095202963,
      0.9190841905829158,
      0.6495224048959237,
      0.8168677050190463,
      0.9336092026304383,
      0.935191690552195,
      0.9006359744363273,
      0.9244641830602005,
      0.8871351540033107,
      0.9169738203766632,
      0.8981849320848738,
      0.9084626930261204,
      0.9999999999999928,
      0.9049424538440303
    ],
    [
      0.8769745367439619,
      0.9008841131641068,
      0.8531652526336139,
      0.6951186069444187,
      0.8884743551662196,
      0.9152990016345943,
      0.9055714260914332,
      0.8772999941084813,
      0.854303487409371,
      0.8834676110474446,
      0.9180392798167133,
      0.8593281616440892,
      0.9277946410554803,
      0.9049424538440303,
      1.000000000000013
    ]
  ],
  "distance_matrix": [
    [
      6.328271240363392e-15,
      0.029977836122639934,
      0.05322898452064129,
      0.3178332026013774,
      0.1961860096961343,
      0.04077818499656183,
      0.038254853453621895,
      0.0570252368727483,
      0.08137899090217104,
      0.08302035356568649,
      0.055059643624046806,
      0.04779598332752577,
      0.08519453247419151,
      0.06007457029907848,
      0.12302546325603814
    ],
    [
      0.029977836122639934,
      -1.7763568394002505e-15,
      0.03979735610506285,
      0.27524364246939437,
      0.14684394778126997,
      0.03719155199081359,
      0.0408855244092482,
      0.08214115195818461,
      0.10845595937767627,
      0.08105146180809619,
      0.06177231255904503,
      0.0785828784893482,
      0.06722834640156194,
      0.05399979047970371,
      0.09911588683589323
    ],
    [
      0.05322898452064129,
      0.03979735610506285,
      2.220446049250313e-16,
      0.285896402667533,
      0.19240725333389663,
      0.06298260264320399,
      0.06597652154827305,
      0.10280959851050009,
      0.13568906177649398,
      0.09726105335913626,
      0.08152483954020384,
      0.089008336138933,
      0.10190854973122043,
      0.0809158094170842,
      0.14683474736638613
    ],
    [
      0.3178332026013774,
      0.27524364246939437,
      0.285896402667533,
      -1.3322676295501878e-15,
      0.18044658412497272,
      0.24604281175360598,
      0.24905124492560715,
      0.29440763037697004,
      0.35085768526106853,
      0.19745140566426367,
      0.2714849475460671,
      0.2933357245372794,
      0.20045862653980773,
      0.3504775951040763,
      0.30488139305558126
    ],
    [
      0.1961860096961343,
      0.14684394778126997,
      0.19240725333389663,
      0.18044658412497272,
      -4.218847493575595e-15,
      0.12934685721847616,
      0.1334324938755529,
      0.17213628237683198,
      0.24122799396557593,
      0.12615628333806728,
      0.13891136001750493,
      0.19985443823953708,
      0.08004449352900422,
      0.18313229498095374,
      0.11152564483378036
    ],
    [
      0.04077818499656183,
      0.03719155199081359,
      0.06298260264320399,
      0.24604281175360598,
      0.12934685721847616,
      -4.440892098500626e-15,
      0.023299152829326042,
      0.0526990419342398,
      0.09187021236010307,
      0.06013544012886718,
      0.03448001630745323,
      0.059623873661946436,
      0.04497589070199459,
      0.06639079736956166,
      0.08470099836540568
    ],
    [
      0.038254853453621895,
      0.0408855244092482,
      0.06597652154827305,
      0.24905124492560715,
      0.1334324938755529,
      0.023299152829326042,
      1.7763568394002505e-15,
      0.028044282435798262,
      0.07296632391969693,
      0.040692644617588924,
      0.030853775153250385,
      0.03317018570961128,
      0.03741522060272262,
      0.06480830944780502,
      0.09442857390856685
    ],
    [
      0.0570252368727483,
      0.08214115195818461,
      0.10280959851050009,
      0.29440763037697004,
      0.17213628237683198,
      0.0526990419342398,
      0.028044282435798262,
      -1.7763568394002505e-15,
      0.08160216317296665,
      0.04378116644408525,
      0.04620247766534735,
      0.020867234024344206,
      0.062048472313334435,
      0.09936402556367274,
      0.12270000589151875
    ],
    [
      0.08137899090217104,
      0.10845595937767627,
      0.13568906177649398,
      0.35085768526106853,
      0.24122799396557593,
      0.09187021236010307,
      0.07296632391969693,
      0.08160216317296665,
      4.440892098500626e-15,
      0.10983692406083345,
      0.09777549938496588,
      0.07518660376562891,
      0.11741987095582607,
      0.0755358169397995,
      0.145696512590629
    ],
    [
      0.08302035356568649,
      0.08105146180809619,
      0.09726105335913626,
      0.19745140566426367,
      0.12615628333806728,
      0.06013544012886718,
      0.040692644617588924,
      0.04378116644408525,
      0.10983692406083345,
      7.771561172376096e-15,
      0.05552113376116419,
      0.0550753744952972,
      0.05543229430438534,
      0.11286484599668933,
      0.11653238895255535
    ],
    [
      0.055059643624046806,
      0.06177231255904503,
      0.08152483954020384,
      0.2714849475460671,
      0.13891136001750493,
      0.03448001630745323,
      0.030853775153250385,
      0.04620247766534735,
      0.09777549938496588,
      0.05552113376116419,
      6.772360450213455e-15,
      0.047119091104080746,
      0.04554547297358691,
      0.0830261796233368,
      0.0819607201832867
    ],
    [
      0.04779598332752577,
      0.0785828784893482,
      0.089008336138933,
      0.2933357245372794,
      0.19985443823953708,
      0.059623873661946436,
      0.03317018570961128,
      0.020867234024344206,
      0.07518660376562891,
      0.0550753744952972,
      0.047119091104080746,
      4.551914400963142e-15,
      0.0717543036981888,
      0.10181506791512618,
      0.1406718383559108
    ],
    [
      0.08519453247419151,
      0.06722834640156194,
      0.10190854973122043,
      0.20045862653980773,
      0.08004449352900422,
      0.04497589070199459,
      0.03741522060272262,
      0.062048472313334435,
      0.11741987095582607,
      0.05543229430438534,
      0.04554547297358691,
      0.0717543036981888,
      -1.176836406102666e-14,
      0.09153730697387963,
      0.07220535894451974
    ],
    [
      0.06007457029907848,
      0.05399979047970371,
      0.0809158094170842,
      0.3504775951040763,
      0.18313229498095374,
      0.06639079736956166,
      0.06480830944780502,
      0.09936402556367274,
      0.0755358169397995,
      0.11286484599668933,
      0.0830261796233368,
      0.10181506791512618,
      0.09153730697387963,
      7.216449660063518e-15,
      0.09505754615596973
    ],
    [
      0.12302546325603814,
      0.09911588683589323,
      0.14683474736638613,
      0.30488139305558126,
      0.11152564483378036,
      0.08470099836540568,
      0.09442857390856685,
      0.12270000589151875,
      0.145696512590629,
      0.11653238895255535,
      0.0819607201832867,
      0.1406718383559108,
      0.07220535894451974,
      0.09505754615596973,
      -1.3100631690576847e-14
    ]
  ],
  "binary_names": [
    "grep",
    "sed",
    "gzip",
    "bzip2",
    "xz",
    "find",
    "tar",
    "bash",
    "python3",
    "curl",
    "git",
    "vim",
    "nano",
    "gcc",
    "objdump"
  ],
  "feature_count": 10000,
  "statistics": {
    "mean_similarity": 0.8970336652503104,
    "std_similarity": 0.08007874543625612,
    "mean_distance": 0.11032107294609599,
    "std_distance": 0.07784128794850917,
    "min_distance": 0.020867234024344206,
    "max_distance": 0.35085768526106853
  },
  "most_similar_pairs": [
    {
      "binary1": "bash",
      "binary2": "vim",
      "similarity": 0.9791327659756558,
      "distance": 0.020867234024344206
    },
    {
      "binary1": "find",
      "binary2": "tar",
      "similarity": 0.976700847170674,
      "distance": 0.023299152829326042
    },
    {
      "binary1": "tar",
      "binary2": "bash",
      "similarity": 0.9719557175642017,
      "distance": 0.028044282435798262
    },
    {
      "binary1": "grep",
      "binary2": "sed",
      "similarity": 0.9700221638773601,
      "distance": 0.029977836122639934
    },
    {
      "binary1": "tar",
      "binary2": "git",
      "similarity": 0.9691462248467496,
      "distance": 0.030853775153250385
    }
  ],
  "most_different_pairs": [
    {
      "binary1": "bzip2",
      "binary2": "python3",
      "similarity": 0.6491423147389315,
      "distance": 0.35085768526106853
    },
    {
      "binary1": "bzip2",
      "binary2": "gcc",
      "similarity": 0.6495224048959237,
      "distance": 0.3504775951040763
    },
    {
      "binary1": "grep",
      "binary2": "bzip2",
      "similarity": 0.6821667973986226,
      "distance": 0.3178332026013774
    },
    {
      "binary1": "bzip2",
      "binary2": "objdump",
      "similarity": 0.6951186069444187,
      "distance": 0.30488139305558126
    },
    {
      "binary1": "bzip2",
      "binary2": "bash",
      "similarity": 0.70559236962303,
      "distance": 0.29440763037697004
    }
  ],
  "top_features_per_binary": {
    "grep": [
      {
        "ngram": "mov_mov_mov",
        "tfidf_score": 0.07425416444458387
      },
      {
        "ngram": "mov_mov_call",
        "tfidf_score": 0.023339712018069454
      },
      {
        "ngram": "mov_call_mov",
        "tfidf_score": 0.021739812403927597
      },
      {
        "ngram": "mov_test_je",
        "tfidf_score": 0.02098691846786084
      },
      {
        "ngram": "test_je_mov",
        "tfidf_score": 0.01960661291840512
      }
    ],
    "sed": [
      {
        "ngram": "mov_mov_mov",
        "tfidf_score": 0.07050606950834211
      },
      {
        "ngram": "mov_call_mov",
        "tfidf_score": 0.023557452469375312
      },
      {
        "ngram": "mov_mov_call",
        "tfidf_score": 0.019899118674131147
      },
      {
        "ngram": "call_mov_mov",
        "tfidf_score": 0.016351643478742864
      },
      {
        "ngram": "mov_test_je",
        "tfidf_score": 0.01130757718530015
      }
    ],
    "gzip": [
      {
        "ngram": "mov_mov_mov",
        "tfidf_score": 0.05462779507500708
      },
      {
        "ngram": "mov_call_mov",
        "tfidf_score": 0.014435324087178035
      },
      {
        "ngram": "mov_mov_call",
        "tfidf_score": 0.011887913954146618
      },
      {
        "ngram": "call_mov_mov",
        "tfidf_score": 0.011109538635720352
      },
      {
        "ngram": "mov_mov_lea",
        "tfidf_score": 0.010543447495046702
      }
    ],
    "bzip2": [
      {
        "ngram": "mov_mov_mov",
        "tfidf_score": 0.025633010315723664
      },
      {
        "ngram": "mov_call_mov",
        "tfidf_score": 0.02313222882150672
      },
      {
        "ngram": "lea_mov_call",
        "tfidf_score": 0.022194435761175368
      },
      {
        "ngram": "mov_call_test",
        "tfidf_score": 0.019068458893404187
      },
      {
        "ngram": "jmp_nop_endbr64",
        "tfidf_score": 0.01562988433885589
      }
    ],
    "xz": [
      {
        "ngram": "mov_mov_mov",
        "tfidf_score": 0.040967462380839835
      },
      {
        "ngram": "mov_call_mov",
        "tfidf_score": 0.03253761916016702
      },
      {
        "ngram": "mov_mov_call",
        "tfidf_score": 0.025604663988024894
      },
      {
        "ngram": "call_mov_mov",
        "tfidf_score": 0.02442291026550067
      },
      {
        "ngram": "mov_lea_mov",
        "tfidf_score": 0.021350350586937683
      }
    ],
    "find": [
      {
        "ngram": "mov_mov_mov",
        "tfidf_score": 0.05910418695228822
      },
      {
        "ngram": "mov_call_mov",
        "tfidf_score": 0.02346640701071081
      },
      {
        "ngram": "mov_mov_call",
        "tfidf_score": 0.02138915936384291
      },
      {
        "ngram": "call_mov_mov",
        "tfidf_score": 0.015644271340473873
      },
      {
        "ngram": "pop_pop_pop",
        "tfidf_score": 0.015157416423239208
      }
    ],
    "tar": [
      {
        "ngram": "mov_mov_mov",
        "tfidf_score": 0.053256421358436806
      },
      {
        "ngram": "mov_call_mov",
        "tfidf_score": 0.02515468525217537
      },
      {
        "ngram": "mov_mov_call",
        "tfidf_score": 0.02177465536265486
      },
      {
        "ngram": "mov_test_je",
        "tfidf_score": 0.017402963811332876
      },
      {
        "ngram": "pop_pop_pop",
        "tfidf_score": 0.01671857759403327
      }
    ],
    "bash": [
      {
        "ngram": "mov_mov_mov",
        "tfidf_score": 0.05061778624809953
      },
      {
        "ngram": "mov_call_mov",
        "tfidf_score": 0.02928114092378852
      },
      {
        "ngram": "mov_test_je",
        "tfidf_score": 0.024527291804963703
      },
      {
        "ngram": "mov_mov_call",
        "tfidf_score": 0.02286986873380586
      },
      {
        "ngram": "test_je_mov",
        "tfidf_score": 0.021310948842587635
      }
    ],
    "python3": [
      {
        "ngram": "mov_mov_mov",
        "tfidf_score": 0.05912671767276029
      },
      {
        "ngram": "mov_mov_call",
        "tfidf_score": 0.030799894078816708
      },
      {
        "ngram": "mov_call_mov",
        "tfidf_score": 0.025451820047475388
      },
      {
        "ngram": "test_je_mov",
        "tfidf_score": 0.018708801861186508
      },
      {
        "ngram": "mov_test_je",
        "tfidf_score": 0.01853975354410388
      }
    ],
    "curl": [
      {
        "ngram": "mov_mov_mov",
        "tfidf_score": 0.04631744486464223
      },
      {
        "ngram": "mov_call_mov",
        "tfidf_score": 0.029093496087168158
      },
      {
        "ngram": "mov_mov_call",
        "tfidf_score": 0.023739094619388175
      },
      {
        "ngram": "mov_test_je",
        "tfidf_score": 0.020481521698431124
      },
      {
        "ngram": "call_mov_mov",
        "tfidf_score": 0.016999288576028757
      }
    ],
    "git": [
      {
        "ngram": "mov_mov_mov",
        "tfidf_score": 0.0562253221113882
      },
      {
        "ngram": "mov_call_mov",
        "tfidf_score": 0.023092009559434745
      },
      {
        "ngram": "mov_mov_call",
        "tfidf_score": 0.02160224438902743
      },
      {
        "ngram": "call_mov_mov",
        "tfidf_score": 0.017555070656691603
      },
      {
        "ngram": "test_je_mov",
        "tfidf_score": 0.01694851413133832
      }
    ],
    "vim": [
      {
        "ngram": "mov_mov_mov",
        "tfidf_score": 0.05097419338917471
      },
      {
        "ngram": "test_je_mov",
        "tfidf_score": 0.02323491172448011
      },
      {
        "ngram": "mov_call_mov",
        "tfidf_score": 0.02305956860397003
      },
      {
        "ngram": "mov_test_je",
        "tfidf_score": 0.022695893983652824
      },
      {
        "ngram": "mov_mov_call",
        "tfidf_score": 0.018738334811843844
      }
    ],
    "nano": [
      {
        "ngram": "mov_mov_mov",
        "tfidf_score": 0.04856748573664806
      },
      {
        "ngram": "mov_call_mov",
        "tfidf_score": 0.027517455871145804
      },
      {
        "ngram": "mov_mov_call",
        "tfidf_score": 0.024592696339931205
      },
      {
        "ngram": "call_mov_mov",
        "tfidf_score": 0.01940227801693065
      },
      {
        "ngram": "pop_pop_pop",
        "tfidf_score": 0.017672138575930463
      }
    ],
    "gcc": [
      {
        "ngram": "mov_mov_mov",
        "tfidf_score": 0.07242094982297644
      },
      {
        "ngram": "mov_mov_call",
        "tfidf_score": 0.030334106539698043
      },
      {
        "ngram": "mov_call_mov",
        "tfidf_score": 0.027656370813494487
      },
      {
        "ngram": "call_mov_mov",
        "tfidf_score": 0.020274284784112643
      },
      {
        "ngram": "mov_jmp_mov",
        "tfidf_score": 0.01902901558621251
      }
    ],
    "objdump": [
      {
        "ngram": "mov_mov_mov",
        "tfidf_score": 0.061087476734910925
      },
      {
        "ngram": "mov_call_mov",
        "tfidf_score": 0.031075511831959585
      },
      {
        "ngram": "call_mov_mov",
        "tfidf_score": 0.030876096782770538
      },
      {
        "ngram": "mov_mov_call",
        "tfidf_score": 0.026638526987503325
      },
      {
        "ngram": "mov_xor_call",
        "tfidf_score": 0.018661925019941506
      }
    ]
  }
}